0 0.166301 0.410088 0.001462 0.003838
0 0.149306 0.481360 0.001827 0.005482
0 0.169591 0.505071 0.001462 0.004112
0 0.163925 0.504660 0.001462 0.004386
0 0.181835 0.483416 0.002193 0.005757
0 0.211349 0.496025 0.002010 0.005208
0 0.171510 0.505208 0.001279 0.004386
0 0.161824 0.482045 0.002010 0.005208
0 0.213724 0.485609 0.001279 0.004112
0 0.620157 0.537966 0.001279 0.004112
0 0.615680 0.414200 0.001462 0.004386
0 0.621162 0.414474 0.001462 0.004386
0 0.164565 0.699561 0.001645 0.004386
0 0.149762 0.676809 0.002376 0.005482
0 0.170230 0.699836 0.001645 0.004386
0 0.172149 0.699836 0.001096 0.003838
0 0.211806 0.688871 0.001827 0.004934
0 0.215095 0.678728 0.001096 0.003838
0 0.621436 0.292900 0.001279 0.004112
0 0.607456 0.269737 0.002193 0.005482
0 0.638341 0.270285 0.001827 0.005482
0 0.666484 0.281524 0.001827 0.005482
0 0.163651 0.819216 0.001279 0.004112
0 0.149488 0.795779 0.002193 0.005482
0 0.668494 0.270970 0.001096 0.004112
1 0.152778 0.504112 0.001462 0.004386
1 0.169682 0.482593 0.002010 0.005208
1 0.167398 0.433936 0.001096 0.003289
1 0.153509 0.699287 0.001462 0.004386
1 0.169865 0.677220 0.002010 0.005757
1 0.208973 0.678454 0.001279 0.004386
1 0.610837 0.292900 0.001279 0.004660
1 0.626645 0.270285 0.001827 0.005482
1 0.663834 0.270833 0.001279 0.004386
1 0.152869 0.818257 0.001279 0.004386
1 0.605355 0.413240 0.001279 0.004660
2 0.612482 0.414062 0.001645 0.004660
2 0.603801 0.413240 0.001462 0.004660
2 0.151224 0.504112 0.001645 0.004386
2 0.165753 0.504934 0.001462 0.004386
2 0.151864 0.699424 0.001462 0.004660
2 0.166393 0.699698 0.001645 0.004112
2 0.159814 0.677083 0.002010 0.005482
2 0.206689 0.688734 0.002193 0.005208
2 0.223684 0.678865 0.001096 0.004112
2 0.609375 0.292763 0.001645 0.004386
2 0.623264 0.292900 0.001279 0.004112
2 0.617233 0.270011 0.002010 0.005482
2 0.661550 0.281524 0.002193 0.005482
2 0.677814 0.271245 0.001096 0.004112
2 0.151316 0.818257 0.001462 0.004386
2 0.159631 0.796464 0.002010 0.005208
2 0.165570 0.819353 0.001462 0.004386
3 0.602522 0.513980 0.002193 0.005482
3 0.640077 0.524534 0.001279 0.004112
3 0.604624 0.390351 0.002010 0.005482
3 0.640625 0.400768 0.001279 0.004386
3 0.151407 0.481497 0.002010 0.005208
3 0.189602 0.491502 0.001279 0.003838
3 0.151773 0.676946 0.002010 0.005208
3 0.609466 0.269874 0.001827 0.005757
3 0.151681 0.795916 0.001827 0.005208
4 0.641082 0.516996 0.002558 0.006031
4 0.649580 0.492188 0.001279 0.003564
4 0.639803 0.487390 0.001096 0.003289
4 0.653783 0.488487 0.001279 0.003289
4 0.660545 0.518777 0.001279 0.004112
4 0.644280 0.452988 0.001279 0.003564
4 0.644189 0.487664 0.001096 0.003289
4 0.641447 0.393229 0.002558 0.006305
4 0.659905 0.394874 0.001096 0.004112
4 0.640260 0.363350 0.001279 0.003564
4 0.653600 0.364446 0.001279 0.003564
4 0.190424 0.483964 0.002924 0.006305
4 0.190607 0.677769 0.002924 0.006305
4 0.646382 0.270285 0.002558 0.006031
4 0.190150 0.799068 0.002741 0.006031
4 0.210252 0.678591 0.001279 0.004112
4 0.664931 0.271107 0.001279 0.004386
5 0.607639 0.536870 0.001462 0.004112
5 0.675164 0.520148 0.001645 0.004660
5 0.647387 0.495888 0.001279 0.003289
5 0.650219 0.453399 0.001462 0.003289
5 0.678637 0.494518 0.001279 0.003838
5 0.609558 0.413651 0.001645 0.004386
5 0.673885 0.395970 0.001279 0.004112
5 0.157255 0.504386 0.001279 0.004386
5 0.157895 0.699287 0.001462 0.004386
5 0.224963 0.678865 0.001462 0.004112
5 0.615223 0.292900 0.001279 0.004112
5 0.679002 0.271107 0.001279 0.004386
5 0.157255 0.818531 0.001279 0.004386
6 0.609284 0.537144 0.001462 0.004660
6 0.667855 0.519326 0.001279 0.004112
6 0.670322 0.519600 0.001096 0.004112
6 0.672697 0.519874 0.001096 0.004112
6 0.637518 0.487253 0.001279 0.003564
6 0.611020 0.413651 0.001279 0.003838
6 0.662189 0.395148 0.001279 0.004112
6 0.155793 0.504249 0.001279 0.004112
6 0.156433 0.699287 0.001462 0.003838
6 0.212628 0.678591 0.001279 0.004112
6 0.613761 0.292900 0.001279 0.004112
6 0.155793 0.818531 0.001279 0.004386
6 0.666118 0.270970 0.001096 0.004112
6 0.158808 0.504523 0.001462 0.004660
7 0.638706 0.487253 0.001096 0.003564
7 0.641447 0.452577 0.001096 0.003289
7 0.645376 0.453125 0.000914 0.003289
7 0.639254 0.363213 0.001096 0.003289
8 0.623721 0.538240 0.001462 0.004112
8 0.622624 0.515625 0.002193 0.005482
8 0.604715 0.536732 0.001462 0.004386
8 0.659539 0.529194 0.002193 0.005757
8 0.648392 0.487939 0.001096 0.003289
8 0.618056 0.537829 0.001462 0.004386
8 0.624909 0.414748 0.001279 0.004386
8 0.606725 0.413377 0.001462 0.004386
8 0.623721 0.391859 0.001827 0.005757
8 0.154240 0.504112 0.001462 0.004386
8 0.168311 0.699698 0.001462 0.004112
8 0.209704 0.688871 0.002010 0.004934
8 0.612208 0.292900 0.001462 0.004112
8 0.628655 0.270285 0.001827 0.005482
8 0.625091 0.293037 0.001279 0.004386
8 0.154331 0.818394 0.001279 0.004112
8 0.167398 0.819627 0.001462 0.004386
8 0.664474 0.281387 0.001827 0.005208
9 0.607548 0.514254 0.002010 0.005482
9 0.627558 0.516036 0.002193 0.005757
9 0.637884 0.524397 0.001279 0.004386
9 0.605263 0.457511 0.001096 0.003289
9 0.621162 0.466968 0.001096 0.003564
9 0.609375 0.390762 0.002010 0.005757
9 0.156890 0.676946 0.002010 0.005208
9 0.614309 0.270011 0.002010 0.005482
9 0.633589 0.270285 0.001827 0.005482
9 0.156615 0.796190 0.001827 0.005208
9 0.628564 0.392407 0.002010 0.005757